163
168
158
186
163
161
154
157
157
157
157
156
157
158
157
166
158
157
157
157
157
157
157
157
157
156
157
157
157
157
157
157
157
157
157
157
156
157
156
157
156
156
157
157
157
157
157
157
156
157
157
157
156
156
157
157
156
157
157
157
156
157
157
157
157
157
157
-7196
157
156
156
157
157
156
157
156
157
157
156
156
157
156
157
156
156
156
156
157
156
157
156
156
156
156
156
156
157
157
156
-4843
157
156
156
157
156
156
156
156
156
156
156
156
156
156
157
159
156
156
156
156
157
157
156
157
-3843
156
156
156
156
157
157
156
156
157
157
156
157
156
156
156
157
156
158
156
157
156
157
156
156
156
156
156
157
156
156
156
156
156
156
156
157
159
156
-2891
156
156
156
156
156
156
156
156
156
156
156
156
156
157
156
156
157
156
156
156
156
156
156
156
156
156
156
156
156
156
156
-2394
156
156
156
157
156
156
156
157
156
156
157
157
156
-2224
156
156
157
156
156
156
156
156
156
156
157
156
-2085
156
156
156
156
156
156
156
156
156
156
157
156
-1960
157
156
156
156
156
156
156
156
156
156
156
-1859
156
156
156
156
156
156
156
156
156
156
-1773
156
156
157
157
156
158
156
156
156
156
-1695
156
156
168
162
156
156
156
156
156
156
-1622
156
156
156
156
156
156
157
156
156
-1561
156
156
156
156
156
156
156
156
156
-1504
156
156
156
156
156
156
156
156
156
-1450
156
156
156
156
156
156
156
157
-1405
156
156
156
156
156
156
156
156
-1363
156
156
156
156
156
156
156
156
-1322
156
156
156
156
156
156
156
-1288
156
156
156
156
156
156
156
156
-1251
156
159
156
156
156
156
157
-1220
156
156
156
156
156
156
156
-1190
156
156
156
156
156
156
156
-1162
156
156
156
156
156
156
156
-1135
156
156
156
156
156
156
-1112
156
156
156
156
156
156
156
-1087
156
156
156
156
156
156
-1065
156
156
156
156
156
156
-1045
156
156
156
156
156
156
-1024
156
156
156
156
156
156
-1006
156
156
156
156
156
156
-987
156
156
156
156
156
156
-969
156
156
156
156
156
-954
156
156
156
156
156
156
-937
156
156
156
156
156
-923
156
156
156
156
156
156
-906
156
156
156
156
156
-893
156
156
156
156
156
-880
156
156
156
156
156
-867
156
156
156
156
156
-855
156
156
156
156
156
-843
